3
0
20
0
102 0 51
50
11111111111111111111
1
255 255 255
10
00000000000000000000
2
255 255 255
10
00000000000000000000
3
204 0 102
20
11111111111111111111
4
153 0 102
20
11111111111111111111
5
204 0 153
10
11111111111111111111
6
102 0 204
10
11111111111111111111
7
153 0 102
10
11111111111111111111
8
255 255 255
10
00000000000000000000
9
204 204 204
10
11111111111111111111
10
204 204 204
5
11111111111111111111
11
204 204 204
5
11111111111111111111
12
255 255 255
10
00000000000000000000
13
255 255 255
10
00000000000000000000
14
255 255 255
10
00000000000000000000
15
255 255 255
10
00000000000000000000
16
102 0 204
10
11111111111111111111
17
255 255 255
10
00000000000000000000
18
255 255 255
10
00000000000000000000
19
255 255 255
10
00000000000000000000
1
20
0
204 0 51
50
11111111111111111111
1
102 0 51
40
11111111111111111111
2
0 0 51
20
11111111111111111111
3
255 255 255
10
00000000000000000000
4
255 255 255
10
00000000000000000000
5
204 0 204
10
11111111111111111111
6
102 0 153
30
11111111111111111111
7
204 0 153
10
11111111111111111111
8
255 255 255
10
00000000000000000000
9
51 153 204
40
11111111111111111111
10
51 153 204
20
01111111111111111110
11
51 153 204
20
00111111111111111100
12
51 153 204
10
00011111111111111000
13
255 255 255
10
00000000000000000000
14
51 204 102
20
00011111111111111000
15
51 204 102
30
11111111111111111100
16
102 0 51
50
00000001111111100000
17
51 204 102
5
11111111111111111111
18
255 255 255
10
00000000000000000000
19
255 255 255
10
00000000000000000000
2
20
0
0 51 204
100
00000000111100000000
1
102 102 204
50
00000011111111000000
2
102 51 204
40
00000111111111100000
3
204 102 204
20
00001111111111110000
4
51 153 204
10
00011111111111111000
5
51 153 204
20
00111111111111111100
6
51 153 204
10
11111111111111111111
7
102 204 204
20
11111111111111111111
8
102 204 204
20
11111111111111111111
9
102 204 204
20
00111111111111111100
10
204 204 204
10
00011111111111111000
11
204 204 204
10
00001111111111110000
12
204 204 204
10
00000011111111000000
13
153 0 51
35
11111111111111111111
14
204 0 0
10
11111111111111111111
15
204 0 0
5
11111111111111111111
16
255 255 255
10
00000000000000000000
17
255 255 255
10
00000000000000000000
18
255 255 255
10
00000000000000000000
19
255 255 255
10
00000000000000000000
